    5   23        83
   56   14       460
   18   75        28
   22   32       404
   28   60       795
    4   37       326
   63   48       203
   36    4       336
    9   28        58
    1    4       856
   41   24       740
   13   42       974
   58   74       271
   13   38       307
   69   52       214
   45    1        81
   24   39       338
    5   58       302
   18   39       546
   72   21       243
    9   73       753
   58   45       887
   65    2       799
   71   38       895
   45    9       306
   43   11        90
   52   63       476
   33   15        62
   28   61       686
   74   57       240
   40   16        97
   29   25       576
    4   12       250
   27   34       777
    6   66        56
   29    7       604
   40   19       567
   75   59       876
   43   39       313
   41    8       296
   60   20       529
    1   69       812
   25    6       690
   59   28       778
   51   32       526
   58    2       988
   75   46       973
   24    6       142
   28   52       836
   46   36        86
   49   64       985
   32    2       644
    5   51       658
   13   36       681
   54    3       931
    2   54       695
   27   55       362
   44   53       977
   74   71       347
   41   16       364
   46   45       798
   36   45       151
   51   44       948
   24   25        82
   41   45       462
   38   50       788
   36   56       642
   52    9        55
   14   72       890
   34    7       987
   42   46       302
   33   12       969
   46   21       407
   12   49       138
   44   13       214
   65   22       494
   27   75       487
   36    3       617
   38   31       414
   66   20       521
   68   57       752
   21   60       994
   25   29       192
   58   63       780
   40   57       781
   45    8       269
   69    5       407
   13   51       213
   29   24       137
   29   19        67
   52   73       598
   64   69       462
   61   48       747
   64   14       865
   40   36       215
   46   10       499
   73   49       255
   28   30       651
   21   25       436
   39   53       813
   41   44       201
   69   39        86
   50   18       704
    9   69       719
   47   34       262
    8   41       972
   26    3       330
   58   42       774
   63    2       384
    3   71       541
   26   28       385
   14   13       801
   51   67       279
   18   63       713
   12   68       168
   65   18       512
   62   12       511
   41   28       861
   34   57       623
   47    7       471
   27   46       421
    1   21       491
    1   24       303
   31   31       502
   64    6       370
   19   39       729
   48   39       144
   24    3       760
   38   17       520
   25   28       554
   39   36       934
   11   42       986
   13   47       782
   11   52       323
   39   11       193
   43   49       115
   75   47       766
   58   19       376
   35   75       968
   14   55       812
    4   27       650
   33   51       298
   65    7       253
   24   31       236
   19   62       655
    1    7       929
   23   63       764
    2    4       396
   62   24       761
   58   26       365
   65   59       357
   30   53       916
   64   20       826
   73   18       476
   23   50       137
   10   34       250
   44   33       403
   42   10       506
