   97   3    3
   96   2    4
   96   1    8
   99   4    8
   95   4    7
   93   4    8
   93   1    6
   99   3    4
   93   2    1
   99   2    9
   92   2    3
   92   3    8
   92   1    5
   92   4    4
   99   1    2
   93   3    3
   98   4    3
   91   2    8
   97   2    8
   91   3    4
   91   1    8
   94   4    2
   95   3    7
   98   1    8
   94   3    8
   96   3   10
   94   2    9
   96   4    8
   98   3    6
   91   4   10
   97   1    5
   95   2    7
   97   4    7
   94   1    1
   95   1    7
   98   2    2
