   91   4    1
   99   3   10
   92   3    7
   93   4    2
   95   4    1
   95   1    4
   97   1    7
   92   4    9
   91   2    4
   96   3    4
   91   3    2
   99   2    2
   93   3    6
   94   1    2
   97   2    7
   98   1    3
   98   2    3
   94   4    7
   94   3    5
   98   4    8
   96   4    4
   92   1   10
   93   1    5
   91   1    5
   93   2   10
   97   3    3
   95   3    7
   99   4    5
   97   4    7
   94   2    4
   96   2   10
   98   3    3
   95   2    8
   99   1    5
   96   1    5
   92   2    2
