   96   1    2
   91   4    5
   98   4    5
   94   4    8
   93   3    7
   93   2    4
   92   1    2
   97   1    6
   96   2    4
   94   2    4
   93   4    9
   92   3    2
   96   3    6
   92   2   10
   98   2   10
   96   4    8
   94   1    4
   99   1    8
   97   2    4
   95   2    9
   94   3    7
   91   2    7
   98   3    3
   99   3    6
   93   1    6
   99   4    3
   92   4    3
   95   1    2
   98   1    9
   99   2    7
   91   1    4
   97   4   10
   97   3    9
   95   4    3
   95   3    9
   91   3    3
