1227.1
1228.1
1228.7
1229.3
1229.7
1230.1
1230.6
1230.9
1231.2
1232.1
1232.4
1233.3
1233.7
1236.8
1240.7
1246.7
1252.7
1255.8
1259.4
1264.9
1265
1264.4
1263.4
1263.5
1264.5
1265.5
1268.1
1278.2
1293
1302.5
1311.2
1299.5
1303.9
1306.8
1313.6
1323
1323.2
1322.8
1324
1327.7
1341.1
1350.8
1357.3
1364.2
1367.1
1364.1
1361.9
1360.1
1355.7
1343.6
1339
1340.2
1342.9
1347.3
1353
1361.5
1365.8
1377.9
1384.4
1389.3
1394.9
1394.9
1400.4
1403.7
1391.8
1397.1
1401.2
1405.4
1409.9
1414.9
1415.2
1415.2
1416.1
1411.4
1405
1406.3
1412.4
1417.1
1419.6
1422.2
1426.4
1426
1433.1
1438
1439.9
1441.9
1444.7
1447.7
1449.6
1448.3
1450.9
1454
1454.3
1457.3
1460.5
1461.7
1466.8
1477.1
1483.2
1485
1486
1479.8
1477.8
1475.9
1478.2
1483.1
1486.4
1488.7
1492.6
1496.1
1499.5
1501.8
1503.9
1501.8
1499.4
1494.8
1492.7
1488.4
1484
1483.8
1489.2
1496.1
1502.6
1512
1521.1
1538
1538.3
1533.2
1543.6
1554.4
1567.1
1592
1603
1614.5
1621.3
1628
1630.5
1634.8
1623.3
1588.4
1581.4
1584.8
1592.8
1600
1607.3
1612.5
1621.5
1629.9
1637
1641.1
1648.5
1654
1662.1
1664.5
1659.8
1652.7
1633.4
1619.8
1630.5
1648.7
1662.8
1668.4
1671.2
1672.2
1672.4
1671.5
1670.9
1671.7
1673.2
1675.9
1678
1680.3
1681.2
1682
1682.9
1684.8
1686.3
1687.1
1687.5
1688
1688
1688
1687.9
1688.2
1688.5
1689
1689.9
1691.2
1692.8
1694.1
1694.7
1695.5
1696.2
1696.9
1697.3
1697.6
1697.4
1697
1697.3
1697.5
1700.2
1702.9
1706.8
1708.6
1710.2
1711.2
1712.3
1713.5
1713.8
1714.9
1715.9
1717
1717.3
1718.2
1719.8
1721.8
1723
1724.9
1726.4
1732.3
1735.1
1739.7
1742.4
1755.4
1760.6
1761.5
1762.6
1763
1762.9
1762.9
1764.6
1762.5
1760.6
1760.2
1760.3
1760.9
1763.2
1766.1
1767.5
1769.1
1770.5
1771.8
1773.3
1775.7
1777.7
1779.3
1782.1
1782.7
1784.7
1786.9
1789.2
1792.3
1793.4
1794.5
1792.8
1796.5
1797.2
1798.7
1798.6
1797.7
1797.9
1801.5
1804.3
1806.8
1810.4
1814.5
1816.2
1820.4
1822.6
1840.6
1853.2
1856.6
1857.4
1857.4
1855.5
1853.5
1848.7
1846.4
1843.3
1839.9
1836.2
1833.7
1832.7
1831.2
1829.5
1829.5
1829.5
1826.5
1814.8
1808.6
1817.2
1808.2
1806.6
1816.5
1818.3
1819.4
1821
1822.8
1824.1
1822.6
1820.7
1818.4
1818.4
1818.7
1819.5
1820
1819.5
1818.6
1817.5
1816.3
1817.2
1819.2
1820.4
1821.3
1822.3
1822.4
1822.2
1822.6
1822.6
1823.1
1824.3
1824.9
1825.8
1827.3
1827.9
1828.1
1828.6
1829.1
1830.1
1830.8
1831.3
1831.7
1832.4
1832.7
1833.3
1833.4
1833.7
1833.9
1834.2
1834.2
1834.4
1834.4
1834.4
1834.3
1834.3
1834.5
1834.7
1835
1835.4
1835.6
1835.7
1835.9
1835.8
1835.5
1834.8
1834.4
1832.7
1832.4
1831.9
1831.6
1831.4
1831.5
1831.2
1831.2
1831.2
1831.2
1831.5
1832
1832.7
1835.4
1841.1
1844.9
1847.3
1849.6
1851.5
1853.6
1856.3
1858.6
1859.8
1860.8
1860.9
1860
1859.6
1860.6
1861.9
1866.8
1868.2
1868.6
1867.9
1867.3
1866.9
1868
1870.7
1877.8
1881.3
1883.5
1885
1885
1885.1
1885
1885
1884.9
1885.6
1886.4
1886.8
1887
1887.1
1886.8
1885.9
1885.5
1884.9
1883.8
1881.3
1878.9
1878.2
1877.4
1875.2
1870.9
1868.4
1870.6
1871.4
1871
1867.7
1864.7
1865.9
1865.4
1864.9
1865.1
1865.1
1864.9
1864.8
1865.7
1865.7
1865.3
1865.3
1864.9
1864.8
1864.9
1866.6
1867.4
1868.1
1867.8
1867.2
1867.4
1869.5
1872.2
1872.1
1874.8
1875.8
1876.2
1876.8
1880.1
1881.5
1877.4
1876
1867.2
1865.4
1865.1
1865.1
1865.2
1865.5
1865.9
1866.3
1866.9
1867.5
1868
1868.6
1868.6
1867.5
1866.5
1866.3
1866.1
1866.3
1866.5
1873.5
1873.5
1873.6
1874.2
1874.2
1873.8
1873.5
1873.6
1874.2
1875
1876.8
1881.1
1884
1885.6
1887.2
1888.8
1890.9
1897.1
1909
1911.6
1913.4
1907.8
1905.6
1905.7
1908.3
1919.2
1921.2
1922.1
1918.3
1916.4
1917.1
1920
1926.9
1933.2
1935.6
1935
1931.6
1929.7
1929.9
1931.9
1935.5
1936.9
1937.1
1936.7
1937
1940.1
1941.4
1942.2
1943.4
1945.2
1947.4
1950.4
1953.9
1957
1962.6
1964.8
1969.5
1975.2
1982.1
1986.4
1991.4
1993.6
1994.9
1996
1996.1
2001.8
2004.3
2005.9
2007.4
2008.8
2011.1
2012.9
2013.9
2015.2
2016.7
2018.1
2020.4
2022.2
2025.6
2027.3
2028.4
2030.4
2032.2
2034.7
2037.6
2039.9
2041
2042.1
2042.7
2043.8
2046
2047.6
2048.9
2051
2051.5
2050.7
2048.8
2049
2052.2
2055.3
2058.9
2062.9
2065.8
2066.6
2067.4
2068
2068.2
2069.6
2071.7
2073.8
2083.8
2088.9
2089.5
2090.7
2092.1
2093.9
2096.5
2098.9
2101.4
2103.4
2105.4
2106.4
2107
2107.5
2107.8
2107.8
2108
2108.8
2110.2
2111.9
2114.6
2116.5
2118.1
2117.9
2118.6
2119.1
2120.1
2120.9
2122
2123.9
2126.8
2126.9
2131
2134.6
2135.6
2136.2
2136.5
2136.9
2137.6
2138.3
2140.6
2143.4
2144.7
2145.5
2148.9
2149.1
2149.2
2150.2
2152.3
2153.3
2154.3
2155.4
2156.4
2156.7
2157.3
2158.8
2160.5
2160.9
2162.8
2164.9
2166.6
2168.4
2169.8
2170
2170.9
2170.7
2171.2
2172.2
2171.5
2169.7
2168.1
2169.2
2171.8
2175.8
2178.2
2180.9
2182.3
2184.3
2189
2193.4
2196.6
2199.8
2200.3
2200
2199
2197.8
2195.5
2196.4
2196.5
2195.7
2195.2
2194.6
2194.2
2192.9
2191.7
2193.1
2195.3
2197.1
2199.4
2201.8
2203.9
2208.2
2209.8
2212.3
2218.5
2225.4
2231.8
2232.6
2231
2234.7
2245.2
2250.7
2256.1
2260.6
2264.4
2272.6
2277.5
2279.4
2279.9
2280.6
2280.8
2280.1
2276
2275.9
2279.3
2279.8
2280.5
2284.1
2296.7
2305.2
2310.5
2314.3
2317.6
2323.2
2333.9
2342.3
2354.6
2358.9
2372.3
2378.9
2378.7
2377.4
2376.4
2377
2379.6
2381.3
2385.5
2388.3
2390
2392.2
2397.1
2402.6
2404.9
2407
2407.7
2408.6
2408.7
2408.7
2410.1
2413.1
2416.1
2416.4
2418.6
2423.2
2428.5
2436.2
2440.5
2441.8
2442.1
2449.8
2451.4
2455.1
2461.2
2467.4
2469.5
2468.8
2469.6
2471.6
2475
2479.6
2481.2
2485.3
2490.9
2491.6
2490.7
2490.6
2491.8
2492
2492.3
2492.7
2493.6
2494.4
2494.6
2494.8
2495.3
2495.8
2496.4
2496.9
2497.4
2498.1
2498.5
2499
2499.1
2499.3
2499.5
2499.8
2500.3
2500.6
2500.9
2501.6
2503.2
2508
2511
2515.5
2522
2528.9
2540.7
2553.5
2562.1
2563
2565.1
2565.6
2565.9
2566.4
2568.1
2569.7
2570.5
2571.4
2573.2
2574.6
2575.8
2575.7
2575.4
2576.9
2577.1
2579.2
2582.1
2582.9
2583.3
2583.3
2583.1
2583.7
2585.3
2587.8
2590.2
2594
2597.4
2600
2602
2604.6
2606.2
2606.6
2606.9
2608.8
2611.6
2615.5
2621
2625.5
2630.2
2636.3
2645.4
2653.5
2655.4
2658.2
2668.7
2680.6
2692.5
2705
2710.9
2721.9
2735.6
2763.3
2782.6
2795.4
2804.1
2809
2811.7
2815.4
2818.2
2821.4
2831.2
2833.1
2836.5
2837.9
2838.7
2839.1
2839.7
2840.8
2841.6
2843.2
2844.4
2846.7
2848.8
2850.5
2851.8
2853.6
2854.9
2856.2
2858.1
2860.6
2864.3
2865.4
2867
2869.2
2872.7
2874
2875.8
2877.8
2878.9
2880.2
2881.3
2882
2883
2884.2
2885.7
2886.2
2887.9
2889.3
2890.4
2891.4
2893.1
2894.6
2897.7
2899.3
2900.6
2902.1
2904.5
2907.1
2909
2910.5
2911.5
2912
2912.5
2914.2
2915.7
2917.5
2922.7
2923.9
2925.2
2926.1
2927
2928.8
2929.5
2930.1
2931
2932.3
2934.5
2937.2
2939.9
2941.5
2942.3
2943.2
2944.7
2947.4
2948.5
2949.3
2950.3
2950.8
2952
2954
2955.8
2957.9
2960.5
2961.9
2963.1
2961.6
2953.1
2946.8
2946.1
2946.1
2944.7
2937.4
2929.7
2926.5
2924
2923
2922.6
2922.9
2922.9
2922.4
2921.9
2921.6
2921.5
2921.7
2922
2921.7
2920.7
2919.4
2917.9
2916
2912.6
2910.1
2907.2
2904.1
2900.2
2897.9
2896.2
2893.1
2891.5
2887
2878
2862
2856.3
2850.3
2848.2
2847.2
2846.1
2844.9
2844.9
2845.9
2844.1
2836.9
2836
2835.6
2838.1
2841.8
